22
Cypridina_noctiluca_BBG57195_luciferase  0.0000000 0.9242595 1.1625967 1.1229924 0.9772481 0.9588601 0.9881146 0.9773087 1.3488636 1.3275227 1.0319574 1.4329711 1.0517948 1.0644449 1.2976785 1.0206580 1.0526099 1.0655568 0.9765355 0.9412231 0.1799584 0.9332352 
KHC_sequenced                            0.9242595 0.0000000 1.0278313 1.0757360 0.1971792 0.1939719 0.1999877 0.1992007 1.2794289 1.3513148 0.4280046 1.3972331 0.4306203 0.4331766 1.2634205 0.3957104 0.4368093 0.4556512 0.2020346 0.2069931 0.8751589 0.1706193 
Kornickeria_hastingsi_DN67876_c1_g1      1.1625967 1.0278313 0.0000000 0.5552954 1.1674222 1.1480384 1.1634804 1.1295093 1.2126060 1.1896498 1.1056668 1.2405024 1.2453871 1.2654061 1.1608971 1.0817570 1.2663915 1.2596621 1.1347442 1.1323054 1.0990445 1.0959771 
Maristella_sp_AG_DN379927_c0_g1          1.1229924 1.0757360 0.5552954 0.0000000 1.2403840 1.1876224 1.2086150 1.1968504 1.1387214 1.2055234 1.1137717 1.3570125 1.2459257 1.2437203 1.0832435 1.1291518 1.2514497 1.2468764 1.1934853 1.1749201 1.1164048 1.1415576 
Maristella_sp_AG_DN382219_c2_g1          0.9772481 0.1971792 1.1674222 1.2403840 0.0000000 0.0662916 0.0501767 0.0515656 1.4195748 1.4396932 0.5120784 1.5066143 0.4268619 0.4273844 1.3404381 0.4726349 0.4238654 0.4430201 0.0478308 0.0253872 0.9673910 0.0685220 
Maristella_sp_SVU_DN30165_c1_g1          0.9588601 0.1939719 1.1480384 1.1876224 0.0662916 0.0000000 0.0787560 0.0783690 1.3659310 1.3890569 0.5054085 1.4576015 0.4068146 0.4085964 1.3033305 0.4534449 0.4082178 0.4255043 0.0710753 0.0454677 0.9461312 0.0660033 
Maristella_sp_VAD_DN92476_c5_g4          0.9881146 0.1999877 1.1634804 1.2086150 0.0501767 0.0787560 0.0000000 0.0295191 1.3821351 1.4139101 0.5229028 1.4761666 0.4324603 0.4330028 1.3104949 0.4687506 0.4339723 0.4541054 0.0236701 0.0562490 0.9825696 0.0720344 
MSH_sequenced                            0.9773087 0.1992007 1.1295093 1.1968504 0.0515656 0.0783690 0.0295191 0.0000000 1.3480375 1.3956208 0.4970711 1.4413244 0.4267276 0.4272647 1.2803399 0.4443854 0.4282638 0.4513686 0.0215983 0.0621094 0.9560551 0.0633775 
Photeros_annecohenae_DN92592_c0_g1       1.3488636 1.2794289 1.2126060 1.1387214 1.4195748 1.3659310 1.3821351 1.3480375 0.0000000 1.0282341 1.3968361 1.1849203 1.4024561 1.4032050 0.2750770 1.3425223 1.4181090 1.3814645 1.3333628 1.3642318 1.3001524 1.3070601 
Photeros_annecohenae_DN94110_c0_g1       1.3275227 1.3513148 1.1896498 1.2055234 1.4396932 1.3890569 1.4139101 1.3956208 1.0282341 0.0000000 1.3639221 1.1551862 1.4439421 1.4453951 1.0441775 1.3471170 1.4211277 1.4563482 1.4103439 1.3732222 1.3107781 1.3634990 
Photeros_annecohenae_DN94524_c2_g1       1.0319574 0.4280046 1.1056668 1.1137717 0.5120784 0.5054085 0.5229028 0.4970711 1.3968361 1.3639221 0.0000000 1.4595176 0.6612527 0.6556285 1.2975575 0.3362879 0.6503714 0.6360884 0.4939239 0.4857546 1.0206747 0.4853492 
Photeros_annecohenae_DN94679_c1_g1       1.4329711 1.3972331 1.2405024 1.3570125 1.5066143 1.4576015 1.4761666 1.4413244 1.1849203 1.1551862 1.4595176 0.0000000 1.5258644 1.5362978 1.0340926 1.4258405 1.5158266 1.5037912 1.4576554 1.4240437 1.3728914 1.4361864 
Photeros_annecohenae_DN96747_c10_g3      1.0517948 0.4306203 1.2453871 1.2459257 0.4268619 0.4068146 0.4324603 0.4267276 1.4024561 1.4439421 0.6612527 1.5258644 0.0000000 0.0186677 1.3832502 0.6134271 0.0321635 0.0309836 0.4214997 0.4289513 1.0547290 0.4115152 
Photeros_macelroyi_DN131343_c2_g2        1.0644449 0.4331766 1.2654061 1.2437203 0.4273844 0.4085964 0.4330028 0.4272647 1.4032050 1.4453951 0.6556285 1.5362978 0.0186677 0.0000000 1.4007494 0.6085582 0.0283625 0.0389198 0.4220200 0.4294951 1.0699359 0.4119889 
Photeros_sp_WLU_DN213753_c1_g1           1.2976785 1.2634205 1.1608971 1.0832435 1.3404381 1.3033305 1.3104949 1.2803399 0.2750770 1.0441775 1.2975575 1.0340926 1.3832502 1.4007494 0.0000000 1.2717561 1.4005156 1.3740715 1.2665721 1.2846422 1.2788267 1.2397210 
Photeros_sp_WLU_DN218113_c1_g1           1.0206580 0.3957104 1.0817570 1.1291518 0.4726349 0.4534449 0.4687506 0.4443854 1.3425223 1.3471170 0.3362879 1.4258405 0.6134271 0.6085582 1.2717561 0.0000000 0.6179327 0.6076665 0.4485210 0.4412375 0.9787527 0.4288126 
Photeros_sp_WLU_DN218316_c2_g1           1.0526099 0.4368093 1.2663915 1.2514497 0.4238654 0.4082178 0.4339723 0.4282638 1.4181090 1.4211277 0.6503714 1.5158266 0.0321635 0.0283625 1.4005156 0.6179327 0.0000000 0.0532758 0.4230263 0.4272390 1.0585092 0.4140239 
PMO_sequenced                            1.0655568 0.4556512 1.2596621 1.2468764 0.4430201 0.4255043 0.4541054 0.4513686 1.3814645 1.4563482 0.6360884 1.5037912 0.0309836 0.0389198 1.3740715 0.6076665 0.0532758 0.0000000 0.4434756 0.4468535 1.0641760 0.4317181 
SVD_sequenced                            0.9765355 0.2020346 1.1347442 1.1934853 0.0478308 0.0710753 0.0236701 0.0215983 1.3333628 1.4103439 0.4939239 1.4576554 0.4214997 0.4220200 1.2665721 0.4485210 0.4230263 0.4434756 0.0000000 0.0543206 0.9574604 0.0644099 
SVU_sequenced                            0.9412231 0.2069931 1.1323054 1.1749201 0.0253872 0.0454677 0.0562490 0.0621094 1.3642318 1.3732222 0.4857546 1.4240437 0.4289513 0.4294951 1.2846422 0.4412375 0.4272390 0.4468535 0.0543206 0.0000000 0.9161569 0.0745370 
Vargula_hilgendorfii_AAA30332_luciferase 0.1799584 0.8751589 1.0990445 1.1164048 0.9673910 0.9461312 0.9825696 0.9560551 1.3001524 1.3107781 1.0206747 1.3728914 1.0547290 1.0699359 1.2788267 0.9787527 1.0585092 1.0641760 0.9574604 0.9161569 0.0000000 0.9205887 
VTS_sequenced                            0.9332352 0.1706193 1.0959771 1.1415576 0.0685220 0.0660033 0.0720344 0.0633775 1.3070601 1.3634990 0.4853492 1.4361864 0.4115152 0.4119889 1.2397210 0.4288126 0.4140239 0.4317181 0.0644099 0.0745370 0.9205887 0.0000000 
