31
CMU__DN214587_c0_g1_only_transcriptome   0.0000000 0.9013532 1.1102396 1.1633528 1.0489341 0.9083359 0.8760439 1.1269715 1.0853173 1.0866916 1.1060671 0.6546244 0.6714430 1.0931299 0.9191315 0.9984245 1.0696543 1.1814507 1.1798382 0.8926672 1.1178131 1.1874242 1.2376291 1.1134840 1.1132507 1.0987173 1.1264955 0.6247748 0.7225565 1.1269715 0.8831881 
CMU__DN222825_c1_g1_only_transcriptome   0.9013532 0.0000000 0.9335927 1.1320159 0.9748901 0.0126607 0.5474031 1.0884140 1.0751527 1.0874926 1.0667873 0.9027386 1.1079426 1.0907380 1.2663282 1.1754407 1.0427112 1.1802060 1.2015164 1.2072305 1.0576378 1.2033069 1.2136492 1.0808657 1.0673970 1.0886838 1.0450413 0.8854932 1.0502970 1.0884140 0.5486884 
CMU__DN224532_c17_g4_only_transcriptome  1.1102396 0.9335927 0.0000000 0.8256124 0.0179414 0.9616952 0.9701097 0.1701740 0.1477378 0.1816501 0.1729957 1.3759104 1.5242658 0.1630996 1.3372820 1.5110839 0.4231778 0.3814534 0.3783684 1.2935577 0.4184540 0.3782965 0.4045858 0.1829790 0.1806027 0.7779232 0.1390471 1.3180180 1.4473917 0.1701740 0.9735985 
Cypridina_noctiluca_BBG57195_luciferase  1.1633528 1.1320159 0.8256124 0.0000000 0.9215008 1.1399667 1.1097691 0.9704434 0.9505363 0.9805187 0.9698366 1.2219412 1.3604326 0.9743960 1.3790156 1.4659744 1.0369531 1.0610985 1.0747364 1.3383376 1.0220192 1.0594231 1.0759598 0.9695197 0.9345864 0.1778820 0.9267268 1.1979262 1.3602118 0.9704434 1.1231106 
KHC_sequenced                            1.0489341 0.9748901 0.0179414 0.9215008 0.0000000 0.9900278 1.0453428 0.1943586 0.1912354 0.1971427 0.1962858 1.2763412 1.3846686 0.1901455 1.3154258 1.4058221 0.4258899 0.4273022 0.4299963 1.2790896 0.3942783 0.4336056 0.4521478 0.1991776 0.2040294 0.8788874 0.1680502 1.1991994 1.3242139 0.1943586 1.0531965 
Kornickeria_hastingsi_DN67876_c1_g1      0.9083359 0.0126607 0.9616952 1.1399667 0.9900278 0.0000000 0.5596788 1.0946484 1.0813245 1.0937188 1.0758816 0.9037333 1.1104031 1.0969766 1.2604111 1.1951170 1.0418307 1.1879538 1.2093164 1.1997065 1.0625331 1.2111241 1.2250428 1.0900749 1.0765069 1.0933625 1.0545532 0.8986102 1.0467725 1.0946484 0.5612402 
Maristella_sp_AG_DN379927_c0_g1          0.8760439 0.5474031 0.9701097 1.1097691 1.0453428 0.5596788 0.0000000 1.2277610 1.1561093 1.1667818 1.1520522 0.9485178 1.1017787 1.1705494 1.1792275 1.2397685 1.0705031 1.2194900 1.2186101 1.0995883 1.1376754 1.2228830 1.2123851 1.1584383 1.1280220 1.1287329 1.1111381 0.8778360 1.0040927 1.2277610 0.0043266 
Maristella_sp_AG_DN382219_c2_g1          1.1269715 1.0884140 0.1701740 0.9704434 0.1943586 1.0946484 1.2277610 0.0000000 0.0650387 0.0492481 0.0506208 1.3241297 1.4122809 0.0474588 1.4170938 1.5121348 0.5047162 0.4209859 0.4216853 1.3468546 0.4662360 0.4182045 0.4394793 0.0469308 0.0248766 0.9654155 0.0673536 1.2649003 1.3794322 0.0000010 1.2367520 
Maristella_sp_SVU_DN30165_c1_g1          1.0853173 1.0751527 0.1477378 0.9505363 0.1912354 1.0813245 1.1561093 0.0650387 0.0000000 0.0773544 0.0769820 1.2969121 1.4072668 0.0751810 1.3668303 1.4450154 0.4952664 0.4004032 0.4023694 1.2953603 0.4470621 0.4018969 0.4218379 0.0698320 0.0445906 0.9417877 0.0648355 1.2460581 1.3451073 0.0650387 1.1646289 
Maristella_sp_VAD_DN92476_c5_g4          1.0866916 1.0874926 0.1816501 0.9805187 0.1971427 1.0937188 1.1667818 0.0492481 0.0773544 0.0000000 0.0289690 1.3240442 1.4058958 0.0262753 1.3839186 1.4970028 0.5161196 0.4260944 0.4268145 1.3192464 0.4628111 0.4277256 0.4504270 0.0232231 0.0552863 0.9790513 0.0708445 1.2682209 1.3549739 0.0492481 1.1754001 
MSH_sequenced                            1.1060671 1.0667873 0.1729957 0.9698366 0.1962858 1.0758816 1.1520522 0.0506208 0.0769820 0.0289690 0.0000000 1.3210999 1.4109843 0.0328145 1.3600106 1.4915495 0.4952893 0.4227060 0.4234321 1.2998921 0.4422317 0.4243694 0.4476544 0.0211855 0.0610175 0.9548736 0.0622839 1.2631111 1.3611207 0.0506208 1.1607086 
ODH__DN57873_c1_g1_only_transcriptome    0.6546244 0.9027386 1.3759104 1.2219412 1.2763412 0.9037333 0.9485178 1.3241297 1.2969121 1.3240442 1.3210999 0.0000000 0.6663629 1.3140272 1.0328612 0.9718791 1.2464087 1.4141648 1.4324121 0.9689764 1.2055967 1.4094661 1.4803857 1.3256386 1.3027701 1.1275606 1.3050142 0.2630983 0.7117419 1.3241297 0.9460363 
ODH__DN57873_c1_g2_only_transcriptome    0.6714430 1.1079426 1.5242658 1.3604326 1.3846686 1.1104031 1.1017787 1.4122809 1.4072668 1.4058958 1.4109843 0.6663629 0.0000000 1.3917602 1.1186820 1.0441033 1.3240053 1.5298901 1.5382879 1.0671378 1.3264681 1.5315768 1.5379774 1.4278525 1.3880328 1.2992766 1.3778845 0.6633783 0.2675682 1.4122809 1.1041581 
ODH__DN60908_c36_g8_only_transcriptome   1.0931299 1.0907380 0.1630996 0.9743960 0.1901455 1.0969766 1.1705494 0.0474588 0.0751810 0.0262753 0.0328145 1.3140272 1.3917602 0.0000000 1.3695973 1.5190979 0.5051637 0.4173536 0.4180372 1.3080657 0.4584955 0.4189490 0.4412514 0.0231726 0.0552587 0.9774686 0.0627352 1.2703964 1.3499950 0.0474588 1.1809168 
Photeros_annecohenae_DN92592_c0_g1       0.9191315 1.2663282 1.3372820 1.3790156 1.3154258 1.2604111 1.1792275 1.4170938 1.3668303 1.3839186 1.3600106 1.0328612 1.1186820 1.3695973 0.0000000 1.0892382 1.3992086 1.4258583 1.4276026 0.2738085 1.3585471 1.4377333 1.4461275 1.3623255 1.3665597 1.3588453 1.3137738 0.9953102 1.0923950 1.4170938 1.1851679 
Photeros_annecohenae_DN94110_c0_g1       0.9984245 1.1754407 1.5110839 1.4659744 1.4058221 1.1951170 1.2397685 1.5121348 1.4450154 1.4970028 1.4915495 0.9718791 1.0441033 1.5190979 1.0892382 0.0000000 1.4020046 1.5056686 1.5082157 1.0835531 1.4113586 1.4917138 1.5228619 1.5081280 1.4541183 1.4159478 1.4396692 0.9247070 1.0689308 1.5121348 1.2504833 
Photeros_annecohenae_DN94524_c2_g1       1.0696543 1.0427112 0.4231778 1.0369531 0.4258899 1.0418307 1.0705031 0.5047162 0.4952664 0.5161196 0.4952893 1.2464087 1.3240053 0.5051637 1.3992086 1.4020046 0.0000000 0.6577726 0.6523183 1.2681495 0.3328855 0.6466651 0.6346633 0.4925175 0.4837580 1.0245977 0.4835679 1.2175208 1.3292696 0.5047162 1.0686511 
Photeros_annecohenae_DN96747_c10_g3      1.1814507 1.1802060 0.3814534 1.0610985 0.4273022 1.1879538 1.2194900 0.4209859 0.4004032 0.4260944 0.4227060 1.4141648 1.5298901 0.4173536 1.4258583 1.5056686 0.6577726 0.0000000 0.0183309 1.3456777 0.6189155 0.0315938 0.0304605 0.4174986 0.4253265 1.0669052 0.4077808 1.3594938 1.5167685 0.4209859 1.2307924 
Photeros_macelroyi_DN131343_c2_g2        1.1798382 1.2015164 0.3783684 1.0747364 0.4299963 1.2093164 1.2186101 0.4216853 0.4023694 0.4268145 0.4234321 1.4324121 1.5382879 0.4180372 1.4276026 1.5082157 0.6523183 0.0183309 0.0000000 1.3642453 0.6142163 0.0278612 0.0382941 0.4182056 0.4260631 1.0830548 0.4084331 1.3771524 1.5163003 0.4216853 1.2298812 
Photeros_sp_WLU_DN213753_c1_g1           0.8926672 1.2072305 1.2935577 1.3383376 1.2790896 1.1997065 1.0995883 1.3468546 1.2953603 1.3192464 1.2998921 0.9689764 1.0671378 1.3080657 0.2738085 1.0835531 1.2681495 1.3456777 1.3642453 0.0000000 1.2732574 1.3563230 1.3721132 1.2983653 1.2973529 1.3391008 1.2500315 0.9387876 1.0256304 1.3468546 1.1049794 
Photeros_sp_WLU_DN218113_c1_g1           1.1178131 1.0576378 0.4184540 1.0220192 0.3942783 1.0625331 1.1376754 0.4662360 0.4470621 0.4628111 0.4422317 1.2055967 1.3264681 0.4584955 1.3585471 1.4113586 0.3328855 0.6189155 0.6142163 1.2732574 0.0000000 0.6241676 0.6092696 0.4464621 0.4386854 0.9861735 0.4264238 1.1882121 1.2997031 0.4662360 1.1289805 
Photeros_sp_WLU_DN218316_c2_g1           1.1874242 1.2033069 0.3782965 1.0594231 0.4336056 1.2111241 1.2228830 0.4182045 0.4018969 0.4277256 0.4243694 1.4094661 1.5315768 0.4189490 1.4377333 1.4917138 0.6466651 0.0315938 0.0278612 1.3563230 0.6241676 0.0000000 0.0524381 0.4191478 0.4237625 1.0681881 0.4104085 1.3543133 1.5004341 0.4182045 1.2342005 
PMO_sequenced                            1.2376291 1.2136492 0.4045858 1.0759598 0.4521478 1.2250428 1.2123851 0.4394793 0.4218379 0.4504270 0.4476544 1.4803857 1.5379774 0.4412514 1.4461275 1.5228619 0.6346633 0.0304605 0.0382941 1.3721132 0.6092696 0.0524381 0.0000000 0.4397011 0.4431710 1.0767527 0.4282687 1.4571981 1.5206470 0.4394793 1.2238920 
SVD_sequenced                            1.1134840 1.0808657 0.1829790 0.9695197 0.1991776 1.0900749 1.1584383 0.0469308 0.0698320 0.0232231 0.0211855 1.3256386 1.4278525 0.0231726 1.3623255 1.5081280 0.4925175 0.4174986 0.4182056 1.2983653 0.4464621 0.4191478 0.4397011 0.0000000 0.0533422 0.9566242 0.0633285 1.2847009 1.3763966 0.0469308 1.1671699 
SVU_sequenced                            1.1132507 1.0673970 0.1806027 0.9345864 0.2040294 1.0765069 1.1280220 0.0248766 0.0445906 0.0552863 0.0610175 1.3027701 1.3880328 0.0552587 1.3665597 1.4541183 0.4837580 0.4253265 0.4260631 1.2973529 0.4386854 0.4237625 0.4431710 0.0533422 0.0000000 0.9165712 0.0732379 1.2409349 1.3460587 0.0248766 1.1365337 
Vargula_hilgendorfii_AAA30332_luciferase 1.0987173 1.0886838 0.7779232 0.1778820 0.8788874 1.0933625 1.1287329 0.9654155 0.9417877 0.9790513 0.9548736 1.1275606 1.2992766 0.9774686 1.3588453 1.4159478 1.0245977 1.0669052 1.0830548 1.3391008 0.9861735 1.0681881 1.0767527 0.9566242 0.9165712 0.0000000 0.9200490 1.1353253 1.2850624 0.9654155 1.1337165 
VTS_sequenced                            1.1264955 1.0450413 0.1390471 0.9267268 0.1680502 1.0545532 1.1111381 0.0673536 0.0648355 0.0708445 0.0622839 1.3050142 1.3778845 0.0627352 1.3137738 1.4396692 0.4835679 0.4077808 0.4084331 1.2500315 0.4264238 0.4104085 0.4282687 0.0633285 0.0732379 0.9200490 0.0000000 1.2499364 1.3201013 0.0673536 1.1195201 
xIR__DN45790_c0_g1_only_transcriptome    0.6247748 0.8854932 1.3180180 1.1979262 1.1991994 0.8986102 0.8778360 1.2649003 1.2460581 1.2682209 1.2631111 0.2630983 0.6633783 1.2703964 0.9953102 0.9247070 1.2175208 1.3594938 1.3771524 0.9387876 1.1882121 1.3543133 1.4571981 1.2847009 1.2409349 1.1353253 1.2499364 0.0000000 0.6438998 1.2649003 0.8795684 
xIR__DN49878_c2_g1_only_transcriptome    0.7225565 1.0502970 1.4473917 1.3602118 1.3242139 1.0467725 1.0040927 1.3794322 1.3451073 1.3549739 1.3611207 0.7117419 0.2675682 1.3499950 1.0923950 1.0689308 1.3292696 1.5167685 1.5163003 1.0256304 1.2997031 1.5004341 1.5206470 1.3763966 1.3460587 1.2850624 1.3201013 0.6438998 0.0000000 1.3794322 1.0061897 
xIR__DN50846_c6_g1_only_transcriptome    1.1269715 1.0884140 0.1701740 0.9704434 0.1943586 1.0946484 1.2277610 0.0000010 0.0650387 0.0492481 0.0506208 1.3241297 1.4122809 0.0474588 1.4170938 1.5121348 0.5047162 0.4209859 0.4216853 1.3468546 0.4662360 0.4182045 0.4394793 0.0469308 0.0248766 0.9654155 0.0673536 1.2649003 1.3794322 0.0000000 1.2367520 
xIR__DN51316_c0_g1_only_transcriptome    0.8831881 0.5486884 0.9735985 1.1231106 1.0531965 0.5612402 0.0043266 1.2367520 1.1646289 1.1754001 1.1607086 0.9460363 1.1041581 1.1809168 1.1851679 1.2504833 1.0686511 1.2307924 1.2298812 1.1049794 1.1289805 1.2342005 1.2238920 1.1671699 1.1365337 1.1337165 1.1195201 0.8795684 1.0061897 1.2367520 0.0000000 
