31
Cypridina_noctiluca_BBG57195_luciferase  0.0000000 0.9207028 1.1388274 1.1621311 1.1308801 0.8249440 1.1086445 0.9695522 1.2206625 1.3588896 0.9735118 0.9496917 0.9796232 0.9689587 1.3774146 1.4641689 1.0359858 1.0600922 1.0737142 1.3368271 1.0211152 1.0584236 1.0749313 0.9686410 0.9337556 0.1778438 0.9259324 1.1966273 1.3586951 0.9695522 1.1219617 
KHC_sequenced                            0.9207028 0.0000000 0.9891181 1.0479047 0.9740028 0.0179412 1.0443585 0.1943079 1.2749059 1.3830440 0.1900957 0.1911867 0.1970913 0.1962347 1.3139168 1.4041255 0.4257068 0.4271212 0.4298111 1.2776465 0.3941133 0.4334190 0.4519559 0.1991234 0.2039760 0.8781514 0.1680112 1.1978917 1.3227074 0.1943079 1.0522010 
Kornickeria_hastingsi_DN67876_c1_g1      1.1388274 0.9891181 0.0000000 0.9075413 0.0126604 0.9608245 0.5593491 1.0935727 0.9029539 1.1092338 1.0959033 1.0802765 1.0926479 1.0748413 1.2590353 1.1938407 1.0408507 1.1867424 1.2080797 1.1984463 1.0615210 1.2098775 1.2237695 1.0890161 1.0754754 1.0922993 1.0535436 0.8978278 1.0457199 1.0935727 0.5609063 
Kornickeria_sp_CMU_DN214587_c0_g1        1.1621311 1.0479047 0.9075413 0.0000000 0.9005642 1.1091168 0.8752821 1.1258135 0.6541711 0.6709346 1.0920264 1.0842487 1.0855933 1.1049359 0.9182842 0.9974931 1.0685449 1.1802329 1.1786286 0.8918828 1.1166461 1.1861887 1.2362976 1.1123390 1.1121205 1.0976046 1.1253490 0.6243188 0.7219904 1.1258135 0.8824122 
Kornickeria_sp_CMU_DN222825_c1_g1        1.1308801 0.9740028 0.0126604 0.9005642 0.0000000 0.9327680 0.5470875 1.0873460 0.9019698 1.1067841 1.0896725 1.0741122 1.0864294 1.0657631 1.2649459 1.1741985 1.0417301 1.1790023 1.2002876 1.2059539 1.0566302 1.2020684 1.2123941 1.0798234 1.0663814 1.0876196 1.0440464 0.8847333 1.0492363 1.0873460 0.5483692 
Kornickeria_sp_CMU_DN224532_c17_g4       0.8249440 0.0179412 0.9608245 1.1091168 0.9327680 0.0000000 0.9692371 0.1701310 1.3742372 1.5222926 0.1630588 0.1477033 0.1816045 0.1729537 1.3357275 1.5091537 0.4230051 0.3812915 0.3782121 1.2920735 0.4182611 0.3781439 0.4044153 0.1829296 0.1805581 0.7773354 0.1390171 1.3164844 1.4455945 0.1701310 0.9727237 
Maristella_sp_AG_DN379927_c0_g1          1.1086445 1.0443585 0.5593491 0.8752821 0.5470875 0.9692371 0.0000000 1.2264365 0.9476545 1.1006517 1.1693534 1.1549357 1.1655854 1.1508900 1.1780038 1.2384450 1.0694403 1.2182051 1.2173381 1.0985071 1.1365033 1.2216005 1.2111242 1.1572721 1.1269025 1.1275841 1.1100436 0.8770623 1.0031257 1.2264365 0.0043265 
Maristella_sp_AG_DN382219_c2_g1          0.9695522 0.1943079 1.0935727 1.1258135 1.0873460 0.1701310 1.2264365 0.0000000 1.3226021 1.4105994 0.0474566 0.0650345 0.0492461 0.0506184 1.4153710 1.5102030 0.5044326 0.4207970 0.4214916 1.3452575 0.4660005 0.4180110 0.4392783 0.0469286 0.0248761 0.9645256 0.0673489 1.2634621 1.3778131 0.0000010 1.2354128 
Maristella_sp_ODH_DN57873_c1_g1          1.2206625 1.2749059 0.9029539 0.6541711 0.9019698 1.3742372 0.9476545 1.3226021 0.0000000 0.6658548 1.3125280 1.2954593 1.3225323 1.3195829 1.0318630 0.9709795 1.2450214 1.4125033 1.4307235 0.9680852 1.2043056 1.4078138 1.4785672 1.3241145 1.3012913 1.1264478 1.3035346 0.2630061 0.7111775 1.3226021 0.9451697 
Maristella_sp_ODH_DN57873_c1_g2          1.3588896 1.3830440 1.1092338 0.6709346 1.1067841 1.5222926 1.1006517 1.4105994 0.6658548 0.0000000 1.3901300 1.4056206 1.4042423 1.4092998 1.1175125 1.0431368 1.3224438 1.5279780 1.5363658 1.0660652 1.3249442 1.5296640 1.5360485 1.4261419 1.3864098 1.2978560 1.3762924 0.6628928 0.2674805 1.4105994 1.1030244 
Maristella_sp_ODH_DN60908_c36_g8         0.9735118 0.1900957 1.0959033 1.0920264 1.0896725 0.1630588 1.1693534 0.0474566 1.3125280 1.3901300 0.0000000 0.0751757 0.0262747 0.0328136 1.3679834 1.5171767 0.5048791 0.4171680 0.4178468 1.3065640 0.4582619 0.4187580 0.4410543 0.0231721 0.0552555 0.9765765 0.0627322 1.2689636 1.3484499 0.0474566 1.1797044 
Maristella_sp_SVU_DN30165_c1_g1          0.9496917 0.1911867 1.0802765 1.0842487 1.0741122 0.1477033 1.1549357 0.0650345 1.2954593 1.4056206 0.0751757 0.0000000 0.0773486 0.0769768 1.3652585 1.4432427 0.4950048 0.4002317 0.4021946 1.2939087 0.4468423 0.4017204 0.4216537 0.0698267 0.0445886 0.9409574 0.0648318 1.2446728 1.3435813 0.0650345 1.1634425 
Maristella_sp_VAD_DN92476_c5_g4          0.9796232 0.1970913 1.0926479 1.0855933 1.0864294 0.1816045 1.1655854 0.0492461 1.3225323 1.4042423 0.0262747 0.0773486 0.0000000 0.0289680 1.3822837 1.4951176 0.5158301 0.4259076 0.4266228 1.3177154 0.4625764 0.4275332 0.4502264 0.0232224 0.0552831 0.9781546 0.0708408 1.2667886 1.3534206 0.0492461 1.1741906 
MSH_sequenced                            0.9689587 0.1962347 1.0748413 1.1049359 1.0657631 0.1729537 1.1508900 0.0506184 1.3195829 1.4092998 0.0328136 0.0769768 0.0289680 0.0000000 1.3584127 1.4896831 0.4950274 0.4225159 0.4232370 1.2984042 0.4420129 0.4241736 0.4474522 0.0211849 0.0610139 0.9540138 0.0622814 1.2616805 1.3595391 0.0506184 1.1595331 
Photeros_annecohenae_DN92592_c0_g1       1.3774146 1.3139168 1.2590353 0.9182842 1.2649459 1.3357275 1.1780038 1.4153710 1.0318630 1.1175125 1.3679834 1.3652585 1.3822837 1.3584127 0.0000000 1.0881511 1.3975420 1.4241509 1.4259059 0.2737082 1.3570045 1.4360003 1.4443640 1.3607269 1.3649645 1.3572930 1.3122902 0.9943599 1.0912879 1.4153710 1.1839330 
Photeros_annecohenae_DN94110_c0_g1       1.4641689 1.4041255 1.1938407 0.9974931 1.1741985 1.5091537 1.2384450 1.5102030 0.9709795 1.0431368 1.5171767 1.4432427 1.4951176 1.4896831 1.0881511 0.0000000 1.4002730 1.5038042 1.5063470 1.0824768 1.4096679 1.4898943 1.5209497 1.5062263 1.4523347 1.4142741 1.4379174 0.9238637 1.0679324 1.5102030 1.2491427 
Photeros_annecohenae_DN94524_c2_g1       1.0359858 0.4257068 1.0408507 1.0685449 1.0417301 0.4230051 1.0694403 0.5044326 1.2450214 1.3224438 0.5048791 0.4950048 0.5158301 0.4950274 1.3975420 1.4002730 0.0000000 0.6573549 0.6519014 1.2667429 0.3327343 0.6462643 0.6342731 0.4922525 0.4835022 1.0236382 0.4833276 1.2161695 1.3277170 0.5044326 1.0675992 
Photeros_annecohenae_DN96747_c10_g3      1.0600922 0.4271212 1.1867424 1.1802329 1.1790023 0.3812915 1.2182051 0.4207970 1.4125033 1.5279780 0.4171680 0.4002317 0.4259076 0.4225159 1.4241509 1.5038042 0.6573549 0.0000000 0.0183305 1.3441150 0.6185455 0.0315925 0.0304597 0.4173117 0.4251367 1.0658634 0.4076083 1.3579236 1.5149085 0.4207970 1.2294899 
Photeros_macelroyi_DN131343_c2_g2        1.0737142 0.4298111 1.2080797 1.1786286 1.2002876 0.3782121 1.2173381 0.4214916 1.4307235 1.5363658 0.4178468 0.4021946 0.4266228 0.4232370 1.4259059 1.5063470 0.6519014 0.0183305 0.0000000 1.3626622 0.6138486 0.0278601 0.0382929 0.4180137 0.4258684 1.0819943 0.4082559 1.3755542 1.5144463 0.4214916 1.2285918 
Photeros_sp_WLU_DN213753_c1_g1           1.3368271 1.2776465 1.1984463 0.8918828 1.2059539 1.2920735 1.0985071 1.3452575 0.9680852 1.0660652 1.3065640 1.2939087 1.3177154 1.2984042 0.2737082 1.0824768 1.2667429 1.3441150 1.3626622 0.0000000 1.2718633 1.3547455 1.3704891 1.2968812 1.2958795 1.3375905 1.2486626 0.9379356 1.0246350 1.3452575 1.1038877 
Photeros_sp_WLU_DN218113_c1_g1           1.0211152 0.3941133 1.0615210 1.1166461 1.0566302 0.4182611 1.1365033 0.4660005 1.2043056 1.3249442 0.4582619 0.4468423 0.4625764 0.4420129 1.3570045 1.4096679 0.3327343 0.6185455 0.6138486 1.2718633 0.0000000 0.6237933 0.6089141 0.4462394 0.4384741 0.9853128 0.4262285 1.1869499 1.2982465 0.4660005 1.1278304 
Photeros_sp_WLU_DN218316_c2_g1           1.0584236 0.4334190 1.2098775 1.1861887 1.2020684 0.3781439 1.2216005 0.4180110 1.4078138 1.5296640 0.4187580 0.4017204 0.4275332 0.4241736 1.4360003 1.4898943 0.6462643 0.0315925 0.0278601 1.3547455 0.6237933 0.0000000 0.0524351 0.4189553 0.4235697 1.0671486 0.4102296 1.3527459 1.4986036 0.4180110 1.2329003 
PMO_sequenced                            1.0749313 0.4519559 1.2237695 1.2362976 1.2123941 0.4044153 1.2111242 0.4392783 1.4785672 1.5360485 0.4410543 0.4216537 0.4502264 0.4474522 1.4443640 1.5209497 0.6342731 0.0304597 0.0382929 1.3704891 0.6089141 0.0524351 0.0000000 0.4395030 0.4429726 1.0757026 0.4280868 1.4554116 1.5187728 0.4392783 1.2226133 
SVD_sequenced                            0.9686410 0.1991234 1.0890161 1.1123390 1.0798234 0.1829296 1.1572721 0.0469286 1.3241145 1.4261419 0.0231721 0.0698267 0.0232224 0.0211849 1.3607269 1.5062263 0.4922525 0.4173117 0.4180137 1.2968812 0.4462394 0.4189553 0.4395030 0.0000000 0.0533391 0.9557597 0.0633249 1.2832315 1.3747925 0.0469286 1.1659903 
SVU_sequenced                            0.9337556 0.2039760 1.0754754 1.1121205 1.0663814 0.1805581 1.1269025 0.0248761 1.3012913 1.3864098 0.0552555 0.0445886 0.0552831 0.0610139 1.3649645 1.4523347 0.4835022 0.4251367 0.4258684 1.2958795 0.4384741 0.4235697 0.4429726 0.0533391 0.0000000 0.9157631 0.0732330 1.2395495 1.3445126 0.0248761 1.1354015 
Vargula_hilgendorfii_AAA30332_luciferase 0.1778438 0.8781514 1.0922993 1.0976046 1.0876196 0.7773354 1.1275841 0.9645256 1.1264478 1.2978560 0.9765765 0.9409574 0.9781546 0.9540138 1.3572930 1.4142741 1.0236382 1.0658634 1.0819943 1.3375905 0.9853128 1.0671486 1.0757026 0.9557597 0.9157631 0.0000000 0.9192670 1.1341563 1.2836682 0.9645256 1.1325567 
VTS_sequenced                            0.9259324 0.1680112 1.0535436 1.1253490 1.0440464 0.1390171 1.1100436 0.0673489 1.3035346 1.3762924 0.0627322 0.0648318 0.0708408 0.0622814 1.3122902 1.4379174 0.4833276 0.4076083 0.4082559 1.2486626 0.4262285 0.4102296 0.4280868 0.0633249 0.0732330 0.9192670 0.0000000 1.2485233 1.3186207 0.0673489 1.1184133 
xIR__DN45790_c0_g1_only_transcriptome    1.1966273 1.1978917 0.8978278 0.6243188 0.8847333 1.3164844 0.8770623 1.2634621 0.2630061 0.6628928 1.2689636 1.2446728 1.2667886 1.2616805 0.9943599 0.9238637 1.2161695 1.3579236 1.3755542 0.9379356 1.1869499 1.3527459 1.4554116 1.2832315 1.2395495 1.1341563 1.2485233 0.0000000 0.6434426 1.2634621 0.8787940 
xIR__DN49878_c2_g1_only_transcriptome    1.3586951 1.3227074 1.0457199 0.7219904 1.0492363 1.4455945 1.0031257 1.3778131 0.7111775 0.2674805 1.3484499 1.3435813 1.3534206 1.3595391 1.0912879 1.0679324 1.3277170 1.5149085 1.5144463 1.0246350 1.2982465 1.4986036 1.5187728 1.3747925 1.3445126 1.2836682 1.3186207 0.6434426 0.0000000 1.3778131 1.0052154 
xIR__DN50846_c6_g1_only_transcriptome    0.9695522 0.1943079 1.0935727 1.1258135 1.0873460 0.1701310 1.2264365 0.0000010 1.3226021 1.4105994 0.0474566 0.0650345 0.0492461 0.0506184 1.4153710 1.5102030 0.5044326 0.4207970 0.4214916 1.3452575 0.4660005 0.4180110 0.4392783 0.0469286 0.0248761 0.9645256 0.0673489 1.2634621 1.3778131 0.0000000 1.2354128 
xIR__DN51316_c0_g1_only_transcriptome    1.1219617 1.0522010 0.5609063 0.8824122 0.5483692 0.9727237 0.0043265 1.2354128 0.9451697 1.1030244 1.1797044 1.1634425 1.1741906 1.1595331 1.1839330 1.2491427 1.0675992 1.2294899 1.2285918 1.1038877 1.1278304 1.2329003 1.2226133 1.1659903 1.1354015 1.1325567 1.1184133 0.8787940 1.0052154 1.2354128 0.0000000 
