29
Cypridina_noctiluca_BAD08210_luciferase  0.0000000 0.9197819 0.8941415 1.1559027 1.1389632 0.9427562 0.9427562 1.1513875 0.9540397 0.9388544 0.9604298 0.9624581 0.9599697 1.3884723 1.4585644 1.0187703 1.0491374 1.0618155 1.3509351 0.9760255 1.0442634 1.0670365 1.0637479 0.9688541 0.9628534 0.9403500 0.9175487 0.1854347 0.9054411 
KHC_cap3_Contig2_1                       0.9197819 0.0000000 0.0154360 1.0823476 1.1234601 0.2123092 0.2123092 1.1301884 0.2057589 0.2137072 0.2127163 0.1895338 0.1948947 1.3623987 1.4306243 0.4604660 0.4345209 0.4370434 1.3403679 0.4386917 0.4405822 0.4546919 0.4462342 0.2143213 0.2002463 0.2162677 0.2050947 0.9022081 0.1686741 
KHC_sequenced                            0.8941415 0.0154360 0.0000000 1.0329436 1.0875758 0.1972677 0.1972677 1.0946044 0.1930290 0.1940570 0.2000767 0.1899201 0.1992900 1.3152481 1.3886987 0.4282989 0.4309290 0.4335007 1.2879026 0.3959917 0.4371220 0.4486558 0.4559519 0.2008502 0.2021307 0.1966194 0.2070860 0.8617214 0.1706867 
Kornickeria_hastingsi_DN67876_c1_g1      1.1559027 1.0823476 1.0329436 0.0000000 0.5559254 1.1815441 1.1815441 0.5572682 1.1807367 1.1508633 1.1774828 1.1410790 1.1348055 1.2548301 1.2324693 1.0832846 1.2448136 1.2644488 1.2123135 1.1001702 1.2738734 1.2703156 1.2461542 1.1847080 1.1399297 1.1507529 1.1376928 1.1118925 1.1060714 
Maristella_sp_AG_DN379927_c0_g1          1.1389632 1.1234601 1.0875758 0.5559254 0.0000000 1.2396907 1.2396907 0.0044086 1.2036906 1.2026820 1.2002189 1.1957536 1.1996978 1.1862103 1.2628482 1.1296830 1.2565354 1.2542597 1.1204683 1.1737536 1.2631710 1.2559730 1.2402886 1.2138072 1.1964461 1.2037021 1.1779682 1.1185287 1.1489291 
Maristella_sp_AG_DN382219_c2_g1          0.9427562 0.2123092 0.1972677 1.1815441 1.2396907 0.0000000 0.0000010 1.2473844 0.0483777 0.0662985 0.0501796 0.0514391 0.0515693 1.4388196 1.4755593 0.5090170 0.4271984 0.4277435 1.3806199 0.4711737 0.4242218 0.4390601 0.4433741 0.0481577 0.0478344 0.0642670 0.0253880 0.9473445 0.0685297 
Maristella_sp_MIR_DN50846_c6_g1          0.9427562 0.2123092 0.1972677 1.1815441 1.2396907 0.0000010 0.0000000 1.2473844 0.0483777 0.0662985 0.0501796 0.0514391 0.0515693 1.4388196 1.4755593 0.5090170 0.4271984 0.4277435 1.3806199 0.4711737 0.4242218 0.4390601 0.4433741 0.0481577 0.0478344 0.0642670 0.0253880 0.9473445 0.0685297 
Maristella_sp_MIR_DN51316_c0_g1          1.1513875 1.1301884 1.0946044 0.5572682 0.0044086 1.2473844 1.2473844 0.0000000 1.2129340 1.2101956 1.2077440 1.2033858 1.2074187 1.1917444 1.2727840 1.1272483 1.2669234 1.2646016 1.1255573 1.1643658 1.2735914 1.2663415 1.2508313 1.2213880 1.2041857 1.2112258 1.1855973 1.1220922 1.1563589 
Maristella_sp_ODH_DN60908_c36_g8         0.9540397 0.2057589 0.1930290 1.1807367 1.2036906 0.0483777 0.0483777 1.2129340 0.0000000 0.0766032 0.0267998 0.0253787 0.0334492 1.3979888 1.4775603 0.5089120 0.4240348 0.4245689 1.3469758 0.4629977 0.4255340 0.4408805 0.4452527 0.0228384 0.0236302 0.0745441 0.0562590 0.9600871 0.0638441 
Maristella_sp_SVU_DN30165_c1_g1          0.9388544 0.2137072 0.1940570 1.1508633 1.2026820 0.0662985 0.0662985 1.2101956 0.0766032 0.0000000 0.0787650 0.0760398 0.0783771 1.4058155 1.4265787 0.5023508 0.4071276 0.4089205 1.3434991 0.4519563 0.4085437 0.4197600 0.4258309 0.0808245 0.0710838 0.0018636 0.0454708 0.9204596 0.0660090 
Maristella_sp_VAD_DN92476_c5_g4          0.9604298 0.2127163 0.2000767 1.1774828 1.2002189 0.0501796 0.0501796 1.2077440 0.0267998 0.0787650 0.0000000 0.0254528 0.0295206 1.4093084 1.4558302 0.5198164 0.4327866 0.4333522 1.3576594 0.4672653 0.4343130 0.4467218 0.4544394 0.0228767 0.0236711 0.0766979 0.0562540 0.9622178 0.0720398 
MSH_cap3_Contig1_1                       0.9624581 0.1895338 0.1899201 1.1410790 1.1957536 0.0514391 0.0514391 1.2033858 0.0253787 0.0760398 0.0254528 0.0000000 0.0116555 1.3951153 1.4322969 0.4930999 0.4187331 0.4192575 1.3372891 0.4416765 0.4202435 0.4337007 0.4422513 0.0233826 0.0216199 0.0739426 0.0580836 0.9529892 0.0553344 
MSH_sequenced                            0.9599697 0.1948947 0.1992900 1.1348055 1.1996978 0.0515693 0.0515693 1.2074187 0.0334492 0.0783771 0.0295206 0.0116555 0.0000000 1.3735300 1.4439381 0.4975543 0.4270715 0.4276319 1.3240019 0.4447966 0.4286224 0.4416794 0.4517214 0.0195048 0.0215992 0.0762676 0.0621151 0.9459254 0.0633812 
Photeros_annecohenae_DN92592_c0_g1       1.3884723 1.3623987 1.3152481 1.2548301 1.1862103 1.4388196 1.4388196 1.1917444 1.3979888 1.4058155 1.4093084 1.3951153 1.3735300 0.0000000 1.0302323 1.4261175 1.4184567 1.4190996 0.2752607 1.3752531 1.4292783 1.4089734 1.4225553 1.3960486 1.3599458 1.4075173 1.3785801 1.3553612 1.3350815 
Photeros_annecohenae_DN94110_c0_g1       1.4585644 1.4306243 1.3886987 1.2324693 1.2628482 1.4755593 1.4755593 1.2727840 1.4775603 1.4265787 1.4558302 1.4322969 1.4439381 1.0302323 0.0000000 1.3943602 1.4720722 1.4736293 1.0462848 1.4019254 1.4495385 1.4852983 1.4867418 1.4771794 1.4509735 1.4283225 1.4116785 1.4050551 1.4070395 
Photeros_annecohenae_DN94524_c2_g1       1.0187703 0.4604660 0.4282989 1.0832846 1.1296830 0.5090170 0.5090170 1.1272483 0.5089120 0.5023508 0.5198164 0.4930999 0.4975543 1.4261175 1.3943602 0.0000000 0.6629176 0.6573302 1.3059845 0.3365746 0.6519902 0.6568351 0.6368290 0.5185164 0.4944269 0.5059436 0.4862379 1.0179618 0.4857616 
Photeros_annecohenae_DN96747_c10_g3      1.0491374 0.4345209 0.4309290 1.2448136 1.2565354 0.4271984 0.4271984 1.2669234 0.4240348 0.4071276 0.4327866 0.4187331 0.4270715 1.4184567 1.4720722 0.6629176 0.0000000 0.0186683 1.3930961 0.6198246 0.0321657 0.0281261 0.0309850 0.4182427 0.4218395 0.4081955 0.4292802 1.0509940 0.4118157 
Photeros_macelroyi_DN131343_c2_g2        1.0618155 0.4370434 0.4335007 1.2644488 1.2542597 0.4277435 0.4277435 1.2646016 0.4245689 0.4089205 0.4333522 0.4192575 0.4276319 1.4190996 1.4736293 0.6573302 0.0186683 0.0000000 1.4102362 0.6149655 0.0283643 0.0319512 0.0389217 0.4187520 0.4223829 0.4099952 0.4298473 1.0661174 0.4123111 
Photeros_sp_WLU_DN213753_c1_g1           1.3509351 1.3403679 1.2879026 1.2123135 1.1204683 1.3806199 1.3806199 1.1255573 1.3469758 1.3434991 1.3576594 1.3372891 1.3240019 0.2752607 1.0462848 1.3059845 1.3930961 1.4102362 0.0000000 1.2888222 1.4026115 1.4137122 1.4074507 1.3498270 1.3134673 1.3450870 1.3200263 1.3340010 1.2691581 
Photeros_sp_WLU_DN218113_c1_g1           0.9760255 0.4386917 0.3959917 1.1001702 1.1737536 0.4711737 0.4711737 1.1643658 0.4629977 0.4519563 0.4672653 0.4416765 0.4447966 1.3752531 1.4019254 0.3365746 0.6198246 0.6149655 1.2888222 0.0000000 0.6243714 0.6265979 0.6082521 0.4676619 0.4489413 0.4553672 0.4416351 0.9566751 0.4291602 
Photeros_sp_WLU_DN218316_c2_g1           1.0442634 0.4405822 0.4371220 1.2738734 1.2631710 0.4242218 0.4242218 1.2735914 0.4255340 0.4085437 0.4343130 0.4202435 0.4286224 1.4292783 1.4495385 0.6519902 0.0321657 0.0283643 1.4026115 0.6243714 0.0000000 0.0496484 0.0532805 0.4197132 0.4233807 0.4096185 0.4275807 1.0535064 0.4143430 
PMO_cap3_Contig4_1                       1.0670365 0.4546919 0.4486558 1.2703156 1.2559730 0.4390601 0.4390601 1.2663415 0.4408805 0.4197600 0.4467218 0.4337007 0.4416794 1.4089734 1.4852983 0.6568351 0.0281261 0.0319512 1.4137122 0.6265979 0.0496484 0.0000000 0.0134811 0.4344930 0.4359941 0.4208584 0.4399073 1.0711019 0.4248757 
PMO_sequenced                            1.0637479 0.4462342 0.4559519 1.2461542 1.2402886 0.4433741 0.4433741 1.2508313 0.4452527 0.4258309 0.4544394 0.4422513 0.4517214 1.4225553 1.4867418 0.6368290 0.0309850 0.0389217 1.4074507 0.6082521 0.0532805 0.0134811 0.0000000 0.4427561 0.4438272 0.4269858 0.4471888 1.0549350 0.4320234 
SVD_cap3_Contig2_1                       0.9688541 0.2143213 0.2008502 1.1847080 1.2138072 0.0481577 0.0481577 1.2213880 0.0228384 0.0808245 0.0228767 0.0233826 0.0195048 1.3960486 1.4771794 0.5185164 0.4182427 0.4187520 1.3498270 0.4676619 0.4197132 0.4344930 0.4427561 0.0000000 0.0019439 0.0787550 0.0539797 0.9690718 0.0640042 
SVD_sequenced                            0.9628534 0.2002463 0.2021307 1.1399297 1.1964461 0.0478344 0.0478344 1.2041857 0.0236302 0.0710838 0.0236711 0.0216199 0.0215992 1.3599458 1.4509735 0.4944269 0.4218395 0.4223829 1.3134673 0.4489413 0.4233807 0.4359941 0.4438272 0.0019439 0.0000000 0.0689645 0.0543257 0.9473062 0.0644155 
SVU_cap3_Contig2_1                       0.9403500 0.2162677 0.1966194 1.1507529 1.2037021 0.0642670 0.0642670 1.2112258 0.0745441 0.0018636 0.0766979 0.0739426 0.0762676 1.4075173 1.4283225 0.5059436 0.4081955 0.4099952 1.3450870 0.4553672 0.4096185 0.4208584 0.4269858 0.0787550 0.0689645 0.0000000 0.0475193 0.9218998 0.0681100 
SVU_sequenced                            0.9175487 0.2050947 0.2070860 1.1376928 1.1779682 0.0253880 0.0253880 1.1855973 0.0562590 0.0454708 0.0562540 0.0580836 0.0621151 1.3785801 1.4116785 0.4862379 0.4292802 0.4298473 1.3200263 0.4416351 0.4275807 0.4399073 0.4471888 0.0539797 0.0543257 0.0475193 0.0000000 0.9064092 0.0745451 
Vargula_hilgendorfii_AAA30332_luciferase 0.1854347 0.9022081 0.8617214 1.1118925 1.1185287 0.9473445 0.9473445 1.1220922 0.9600871 0.9204596 0.9622178 0.9529892 0.9459254 1.3553612 1.4050551 1.0179618 1.0509940 1.0661174 1.3340010 0.9566751 1.0535064 1.0711019 1.0549350 0.9690718 0.9473062 0.9218998 0.9064092 0.0000000 0.9098069 
VTS_sequenced                            0.9054411 0.1686741 0.1706867 1.1060714 1.1489291 0.0685297 0.0685297 1.1563589 0.0638441 0.0660090 0.0720398 0.0553344 0.0633812 1.3350815 1.4070395 0.4857616 0.4118157 0.4123111 1.2691581 0.4291602 0.4143430 0.4248757 0.4320234 0.0640042 0.0644155 0.0681100 0.0745451 0.9098069 0.0000000 
