15
Vargula_tsujii_sequenced               0.0000000 0.8682020 0.9722009 0.2699767 0.0875081 0.4095113 0.0865802 0.0943476 0.0891474 0.0876880 0.0973441 0.0944914 0.4005053 0.4070438 0.4024753 
Vargula_hilgendorfii_AAA30332          0.8682020 0.0000000 0.2643839 0.8844879 0.9225669 1.1186383 0.9197898 0.9239828 0.8987978 0.9013917 0.9452988 0.9220220 1.1059918 1.1085639 1.0927632 
Cypridina_noctiluca_BAD08210           0.9722009 0.2643839 0.0000000 1.0293607 1.0456578 1.1387922 1.0577188 1.0299543 1.0336913 1.0285444 1.0214959 1.0333732 1.1212539 1.1207435 1.1109022 
Kornickeria_hastingsi_cap3             0.2699767 0.8844879 1.0293607 0.0000000 0.3098118 0.4358440 0.2959066 0.2913024 0.2937599 0.2939129 0.3080303 0.2984054 0.4226198 0.4360825 0.4290601 
Maristella_chicoi_cap3                 0.0875081 0.9225669 1.0456578 0.3098118 0.0000000 0.4465874 0.0391474 0.0938214 0.0583243 0.0583673 0.0479440 0.0459522 0.4387761 0.4440558 0.4364270 
Photeros_morini_cap3                   0.4095113 1.1186383 1.1387922 0.4358440 0.4465874 0.0000000 0.4171623 0.4105456 0.4205534 0.4194153 0.4284565 0.4347106 0.0153805 0.0217136 0.0262013 
Maristella_sp_SVD_cap3                 0.0865802 0.9197898 1.0577188 0.2959066 0.0391474 0.4171623 0.0000000 0.0858174 0.0488778 0.0489118 0.0322054 0.0269066 0.4107379 0.4156596 0.4085265 
Maristella_sp_SVU_cap3                 0.0943476 0.9239828 1.0299543 0.2913024 0.0938214 0.4105456 0.0858174 0.0000000 0.0731531 0.0717696 0.0895846 0.0895151 0.4029056 0.4140591 0.4020294 
Maristella_sp_AG_DN382219_c2_g1_i4     0.0891474 0.8987978 1.0336913 0.2937599 0.0583243 0.4205534 0.0488778 0.0731531 0.0000000 0.0035294 0.0566072 0.0516419 0.4129754 0.4179319 0.4064531 
Maristella_sp_IR_DN50846_c6_g1_i1      0.0876880 0.9013917 1.0285444 0.2939129 0.0583673 0.4194153 0.0489118 0.0717696 0.0035294 0.0000000 0.0566476 0.0516782 0.4118451 0.4167961 0.4053287 
Maristella_sp_ODH_DN60908_c36_g8_i1    0.0973441 0.9452988 1.0214959 0.3080303 0.0479440 0.4284565 0.0322054 0.0895846 0.0566072 0.0566476 0.0000000 0.0361659 0.4175469 0.4250092 0.4166562 
Maristella_sp_VAD_DN92476_c5_g4_i1     0.0944914 0.9220220 1.0333732 0.2984054 0.0459522 0.4347106 0.0269066 0.0895151 0.0516419 0.0516782 0.0361659 0.0000000 0.4249564 0.4300014 0.4215745 
Photeros_annecohenae_DN96747_c10_g3_i3 0.4005053 1.1059918 1.1212539 0.4226198 0.4387761 0.0153805 0.4107379 0.4029056 0.4129754 0.4118451 0.4175469 0.4249564 0.0000000 0.0166006 0.0203811 
Photeros_macelroyi_DN131343_c2_g2_i4   0.4070438 1.1085639 1.1207435 0.4360825 0.4440558 0.0217136 0.4156596 0.4140591 0.4179319 0.4167961 0.4250092 0.4300014 0.0166006 0.0000000 0.0229496 
Photeros_sp_WLU_DN218316_c2_g1_i3      0.4024753 1.0927632 1.1109022 0.4290601 0.4364270 0.0262013 0.4085265 0.4020294 0.4064531 0.4053287 0.4166562 0.4215745 0.0203811 0.0229496 0.0000000 
