13
Vargula_hilgendorfii_AAA30332          0.0000000 0.2633339 0.8091190 0.8528992 1.0314933 0.8471404 0.8308253 0.8272926 0.8540996 0.8802143 1.0433004 1.0465123 1.0316872 
Cypridina_noctiluca_BBG57195           0.2633339 0.0000000 0.9118494 0.9479520 1.0181616 0.9430530 0.9359375 0.8816357 0.9725436 0.9735023 1.0224794 1.0326640 1.0182935 
Kornickeria_hastingsi_sequenced        0.8091190 0.9118494 0.0000000 0.2898017 0.4379147 0.2907860 0.2809595 0.2718625 0.2855483 0.2908306 0.4221882 0.4370009 0.4288547 
Maristella_chicoi_sequenced            0.8528992 0.9479520 0.2898017 0.0000000 0.4195216 0.0245663 0.0476744 0.0842782 0.0436174 0.0324549 0.4088680 0.4125481 0.4067912 
Photeros_morini_sequenced              1.0314933 1.0181616 0.4379147 0.4195216 0.0000000 0.4106165 0.4164432 0.4031602 0.4151649 0.4275142 0.0152520 0.0224609 0.0264140 
Maristella_sp_SVD_sequenced            0.8471404 0.9430530 0.2907860 0.0245663 0.4106165 0.0000000 0.0470778 0.0874586 0.0471535 0.0232306 0.4016463 0.4052995 0.3984806 
Maristella_sp_SVU_sequenced            0.8308253 0.9359375 0.2809595 0.0476744 0.4164432 0.0470778 0.0000000 0.0871549 0.0244650 0.0510937 0.4076080 0.4112880 0.4022272 
Vargula_tsujii_sequenced               0.8272926 0.8816357 0.2718625 0.0842782 0.4031602 0.0874586 0.0871549 0.0000000 0.0888480 0.0941375 0.3916144 0.3980887 0.3936164 
Maristella_sp_AG_DN382219_c2_g1_i4     0.8540996 0.9725436 0.2855483 0.0436174 0.4151649 0.0471535 0.0244650 0.0888480 0.0000000 0.0515654 0.3986174 0.4034700 0.3925156 
Maristella_sp_VAD_DN92476_c5_g4_i1     0.8802143 0.9735023 0.2908306 0.0324549 0.4275142 0.0232306 0.0510937 0.0941375 0.0515654 0.0000000 0.4101411 0.4150799 0.4070577 
Photeros_annecohenae_DN96747_c10_g3_i3 1.0433004 1.0224794 0.4221882 0.4088680 0.0152520 0.4016463 0.4076080 0.3916144 0.3986174 0.4101411 0.0000000 0.0165890 0.0203675 
Photeros_macelroyi_DN131343_c2_g2_i4   1.0465123 1.0326640 0.4370009 0.4125481 0.0224609 0.4052995 0.4112880 0.3980887 0.4034700 0.4150799 0.0165890 0.0000000 0.0229332 
Photeros_sp_WLU_DN218316_c2_g1_i3      1.0316872 1.0182935 0.4288547 0.4067912 0.0264140 0.3984806 0.4022272 0.3936164 0.3925156 0.4070577 0.0203675 0.0229332 0.0000000 
