14
Vargula_hilgendorfii_AAA30332          0.0000000 0.2603510 0.8444732 0.8796889 1.0579486 0.8772606 0.8808527 0.8576701 0.8600585 0.9010844 0.8794545 1.0458630 1.0484053 1.0342037 
Cypridina_noctiluca_BAD08210           0.2603510 0.0000000 0.9780183 0.9934998 1.0770305 1.0045653 0.9777915 0.9819977 0.9771778 0.9712853 0.9819309 1.0606319 1.0603800 1.0515027 
Kornickeria_hastingsi_cap3             0.8444732 0.9780183 0.0000000 0.3037096 0.4245696 0.2904782 0.2858072 0.2884847 0.2886245 0.3022664 0.2928957 0.4118765 0.4248042 0.4180975 
Maristella_chicoi_cap3                 0.8796889 0.9934998 0.3037096 0.0000000 0.4343808 0.0390411 0.0932375 0.0580787 0.0581165 0.0478014 0.0458160 0.4269953 0.4320445 0.4248864 
Photeros_morini_cap3                   1.0579486 1.0770305 0.4245696 0.4343808 0.0000000 0.4065494 0.3999940 0.4096677 0.4084954 0.4173344 0.4233064 0.0153631 0.0216766 0.0261516 
Maristella_sp_SVD_cap3                 0.8772606 1.0045653 0.2904782 0.0390411 0.4065494 0.0000000 0.0853285 0.0487264 0.0487564 0.0321460 0.0268638 0.4004137 0.4051301 0.3984194 
Maristella_sp_SVU_cap3                 0.8808527 0.9777915 0.2858072 0.0932375 0.3999940 0.0853285 0.0000000 0.0728025 0.0714262 0.0890845 0.0890233 0.3926405 0.4032649 0.3919124 
Maristella_sp_AG_DN382219_c2_g1_i4     0.8576701 0.9819977 0.2884847 0.0580787 0.4096677 0.0487264 0.0728025 0.0000000 0.0035288 0.0564152 0.0514822 0.4023921 0.4071392 0.3962818 
Maristella_sp_IR_DN50846_c6_g1_i1      0.8600585 0.9771778 0.2886245 0.0581165 0.4084954 0.0487564 0.0714262 0.0035288 0.0000000 0.0564508 0.0515142 0.4012283 0.4059695 0.3951242 
Maristella_sp_ODH_DN60908_c36_g8_i1    0.9010844 0.9712853 0.3022664 0.0478014 0.4173344 0.0321460 0.0890845 0.0564152 0.0564508 0.0000000 0.0360920 0.4068800 0.4140694 0.4061432 
Maristella_sp_VAD_DN92476_c5_g4_i1     0.8794545 0.9819309 0.2928957 0.0458160 0.4233064 0.0268638 0.0890233 0.0514822 0.0515142 0.0360920 0.0000000 0.4139972 0.4188279 0.4108345 
Photeros_annecohenae_DN96747_c10_g3_i3 1.0458630 1.0606319 0.4118765 0.4269953 0.0153631 0.4004137 0.3926405 0.4023921 0.4012283 0.4068800 0.4139972 0.0000000 0.0165787 0.0203531 
Photeros_macelroyi_DN131343_c2_g2_i4   1.0484053 1.0603800 0.4248042 0.4320445 0.0216766 0.4051301 0.4032649 0.4071392 0.4059695 0.4140694 0.4188279 0.0165787 0.0000000 0.0229096 
Photeros_sp_WLU_DN218316_c2_g1_i3      1.0342037 1.0515027 0.4180975 0.4248864 0.0261516 0.3984194 0.3919124 0.3962818 0.3951242 0.4061432 0.4108345 0.0203531 0.0229096 0.0000000 
