16
Vargula_hilgendorfii_AAA30332          0.0000000 0.2641019 0.8194617 0.8671266 1.0526054 0.8649621 0.8468774 0.8413503 0.8485969 0.8741698 0.8768086 0.9156620 0.9016450 1.0661319 1.0693270 1.0539245 
Cypridina_noctiluca_BBG57195           0.2641019 0.0000000 0.9251411 0.9663665 1.0334211 0.9609504 0.9563426 0.8990199 0.9437465 0.9921761 0.9902665 0.9763680 0.9915372 1.0306725 1.0467527 1.0263164 
Kornickeria_hastingsi_sequenced        0.8194617 0.9251411 0.0000000 0.2912361 0.4383052 0.2924411 0.2822487 0.2730465 0.0816707 0.2868896 0.2870262 0.3001094 0.2924148 0.4253268 0.4403060 0.4320847 
Maristella_chicoi_sequenced            0.8671266 0.9663665 0.2912361 0.0000000 0.4214195 0.0245590 0.0476618 0.0842817 0.2936445 0.0436107 0.0436400 0.0393351 0.0324534 0.4106910 0.4144180 0.4085568 
Photeros_morini_sequenced              1.0526054 1.0334211 0.4383052 0.4214195 0.0000000 0.4122744 0.4181146 0.4048712 0.4407282 0.4168794 0.4157092 0.4206218 0.4293008 0.0152368 0.0224446 0.0263933 
Maristella_sp_SVD_sequenced            0.8649621 0.9609504 0.2924411 0.0245590 0.4122744 0.0000000 0.0470869 0.0875274 0.2878178 0.0471702 0.0472023 0.0306719 0.0232325 0.4032794 0.4069778 0.4000801 
Maristella_sp_SVU_sequenced            0.8468774 0.9563426 0.2822487 0.0476618 0.4181146 0.0470869 0.0000000 0.0871467 0.2796949 0.0244505 0.0244567 0.0568747 0.0510990 0.4107858 0.4145210 0.4053407 
Vargula_tsujii_sequenced               0.8413503 0.8990199 0.2730465 0.0842817 0.4048712 0.0875274 0.0871467 0.0000000 0.2797911 0.0888538 0.0873977 0.0970177 0.0941976 0.3933655 0.3998120 0.3953397 
Kornickeria_sp_CMU_DN224532_c17_g4_i7  0.8485969 0.9437465 0.0816707 0.2936445 0.4407282 0.2878178 0.2796949 0.2797911 0.0000000 0.3476940 0.3505867 0.3296888 0.3176473 0.4585156 0.4682014 0.4618447 
Maristella_sp_AG_DN382219_c2_g1_i4     0.8741698 0.9921761 0.2868896 0.0436107 0.4168794 0.0471702 0.0244505 0.0888538 0.3476940 0.0000000 0.0035294 0.0565154 0.0515829 0.4033893 0.4083257 0.3971259 
Maristella_sp_IR_DN50846_c6_g1_i1      0.8768086 0.9902665 0.2870262 0.0436400 0.4157092 0.0472023 0.0244567 0.0873977 0.3505867 0.0035294 0.0000000 0.0565535 0.0516172 0.4022697 0.4072001 0.3960124 
Maristella_sp_ODH_DN60908_c36_g8_i1    0.9156620 0.9763680 0.3001094 0.0393351 0.4206218 0.0306719 0.0568747 0.0970177 0.3296888 0.0565154 0.0565535 0.0000000 0.0361183 0.4017909 0.4091015 0.4010952 
Maristella_sp_VAD_DN92476_c5_g4_i1     0.9016450 0.9915372 0.2924148 0.0324534 0.4293008 0.0232325 0.0510990 0.0941976 0.3176473 0.0515829 0.0516172 0.0361183 0.0000000 0.4135389 0.4185520 0.4104145 
Photeros_annecohenae_DN96747_c10_g3_i3 1.0661319 1.0306725 0.4253268 0.4106910 0.0152368 0.4032794 0.4107858 0.3933655 0.4585156 0.4033893 0.4022697 0.4017909 0.4135389 0.0000000 0.0165849 0.0203560 
Photeros_macelroyi_DN131343_c2_g2_i4   1.0693270 1.0467527 0.4403060 0.4144180 0.0224446 0.4069778 0.4145210 0.3998120 0.4682014 0.4083257 0.4072001 0.4091015 0.4185520 0.0165849 0.0000000 0.0229253 
Photeros_sp_WLU_DN218316_c2_g1_i3      1.0539245 1.0263164 0.4320847 0.4085568 0.0263933 0.4000801 0.4053407 0.3953397 0.4618447 0.3971259 0.3960124 0.4010952 0.4104145 0.0203560 0.0229253 0.0000000 
