15
Vargula_hilgendorfii_AAA30332          0.0000000 0.2618169 0.8203776 0.8647509 1.0485461 0.8589230 0.8424225 0.8394876 0.8663269 0.8687437 0.9062436 0.8926758 1.0610595 1.0641106 1.0490510 
Cypridina_noctiluca_BAD08210           0.2618169 0.0000000 0.9436017 0.9816146 1.0580270 0.9812330 0.9501152 0.9356845 0.9994754 0.9945383 0.9876148 1.0011177 1.0733864 1.0735041 1.0641936 
Kornickeria_hastingsi_sequenced        0.8203776 0.9436017 0.0000000 0.2915625 0.4417258 0.2926201 0.2825704 0.2734125 0.2872111 0.2873430 0.3003866 0.2926562 0.4258528 0.4408256 0.4326084 
Maristella_chicoi_sequenced            0.8647509 0.9816146 0.2915625 0.0000000 0.4232645 0.0245743 0.0477029 0.0843862 0.0436480 0.0436762 0.0393823 0.0324720 0.4124596 0.4161877 0.4103574 
Photeros_morini_sequenced              1.0485461 1.0580270 0.4417258 0.4232645 0.0000000 0.4141840 0.4200602 0.4067077 0.4188352 0.4176112 0.4253954 0.4313298 0.0152536 0.0224688 0.0264236 
Maristella_sp_SVD_sequenced            0.8589230 0.9812330 0.2926201 0.0245743 0.4141840 0.0000000 0.0471114 0.0875967 0.0471934 0.0472242 0.0307039 0.0232417 0.4051116 0.4088122 0.4019222 
Maristella_sp_SVU_sequenced            0.8424225 0.9501152 0.2825704 0.0477029 0.4200602 0.0471114 0.0000000 0.0872627 0.0244703 0.0244759 0.0569361 0.0511338 0.4111940 0.4149222 0.4057566 
Vargula_tsujii_sequenced               0.8394876 0.9356845 0.2734125 0.0843862 0.4067077 0.0875967 0.0872627 0.0000000 0.0889744 0.0875152 0.0971259 0.0942972 0.3950776 0.4015939 0.3971042 
Maristella_sp_AG_DN382219_c2_g1_i4     0.8663269 0.9994754 0.2872111 0.0436480 0.4188352 0.0471934 0.0244703 0.0889744 0.0000000 0.0035313 0.0565721 0.0516102 0.4020750 0.4069886 0.3958860 
Maristella_sp_IR_DN50846_c6_g1_i1      0.8687437 0.9945383 0.2873430 0.0436762 0.4176112 0.0472242 0.0244759 0.0875152 0.0035313 0.0000000 0.0566088 0.0516432 0.4009080 0.4058154 0.3947252 
Maristella_sp_ODH_DN60908_c36_g8_i1    0.9062436 0.9876148 0.3003866 0.0393823 0.4253954 0.0307039 0.0569361 0.0971259 0.0565721 0.0566088 0.0000000 0.0361548 0.4045600 0.4118821 0.4038718 
Maristella_sp_VAD_DN92476_c5_g4_i1     0.8926758 1.0011177 0.2926562 0.0324720 0.4313298 0.0232417 0.0511338 0.0942972 0.0516102 0.0516432 0.0361548 0.0000000 0.4136538 0.4186536 0.4105477 
Photeros_annecohenae_DN96747_c10_g3_i3 1.0610595 1.0733864 0.4258528 0.4124596 0.0152536 0.4051116 0.4111940 0.3950776 0.4020750 0.4009080 0.4045600 0.4136538 0.0000000 0.0165945 0.0203726 
Photeros_macelroyi_DN131343_c2_g2_i4   1.0641106 1.0735041 0.4408256 0.4161877 0.0224688 0.4088122 0.4149222 0.4015939 0.4069886 0.4058154 0.4118821 0.4186536 0.0165945 0.0000000 0.0229418 
Photeros_sp_WLU_DN218316_c2_g1_i3      1.0490510 1.0641936 0.4326084 0.4103574 0.0264236 0.4019222 0.4057566 0.3971042 0.3958860 0.3947252 0.4038718 0.4105477 0.0203726 0.0229418 0.0000000 
