8
Vargula_hilgendorfii_AAA30332 0.0000000 0.2663331 0.8339764 0.8674760 1.0471550 0.8657250 0.8379520 0.8371052 
Cypridina_noctiluca_BBG57195  0.2663331 0.0000000 0.9492079 0.9716661 1.0275800 0.9689068 0.9512596 0.8955903 
KHC_25Feb2019                 0.8339764 0.9492079 0.0000000 0.2928661 0.4448891 0.2939619 0.2838208 0.2747305 
MSH_25Feb2019                 0.8674760 0.9716661 0.2928661 0.0000000 0.4260026 0.0245961 0.0477671 0.0845682 
PMO_25Feb2019                 1.0471550 1.0275800 0.4448891 0.4260026 0.0000000 0.4168748 0.4228215 0.4096354 
SVD_25Feb2019                 0.8657250 0.9689068 0.2939619 0.0245961 0.4168748 0.0000000 0.0471699 0.0877811 
SVU_25Feb2019                 0.8379520 0.9512596 0.2838208 0.0477671 0.4228215 0.0471699 0.0000000 0.0874577 
VTS_25Feb2019                 0.8371052 0.8955903 0.2747305 0.0845682 0.4096354 0.0877811 0.0874577 0.0000000 
